joint1_calibration: -133.0078125
joint2_calibration: -183.3984375
joint3_calibration: -244.5556640625
joint4_calibration: -300.19879704416553
